0: [0.01010101 0.60714286 0.01123596 0.30434783 0.39655172 0.39655172 0.09756098 0.6875 0.02531646]
1: [0.         0.11111111 0.         0.         0.30645161 0. 0.         0.15714286 0.        ]
2: [0.07526882 0.5        0.         0.05882353 0.5        0. 0.07142857 0.42105263 0.24615385]
3: [0.2345679  0.23287671 0.         0.11111111 0.84090909 0.28571429 0.         0.35       0.24615385]
4: [0.01010101 0.08433735 0.07142857 0.23287671 0.44642857 0.09459459 0.         0.19117647 0.        ]
5: [0.03092784 0.26760563 0.26760563 0.42857143 0.5        0.0125 0.         0.47272727 0.02531646]
6: [0.05263158 0.15384615 0.         0.25       0.58823529 0.35 0.07142857 0.35       0.0125    ]
7: [0.07526882 0.25       0.05882353 0.         0.20895522 0.08 0.         0.35       0.        ]
8: [0.01010101 0.30434783 0.16883117 0.15384615 0.92857143 0.22727273 0.15384615 0.24615385 0.        ]
9: [0.01010101 0.21621622 0.         0.08433735 1.38235294 0.02531646 0.         0.0125     0.17391304]
